- OS: Windows-11-10.0.26200-SP0 10.0.26200
- Python: 3.12.6
- Stable-Baselines3: 2.7.1
- PyTorch: 2.10.0+cpu
- GPU Enabled: False
- Numpy: 2.2.6
- Cloudpickle: 3.1.2
- Gymnasium: 1.2.3
